start: [ 22.22       -13.33833333  16.75333333]
end: [ 22.12523392 -14.0479494   21.70181436]
direction: [-0.01895322 -0.14192321  0.9896962 ]